SetFactory("OpenCASCADE");
Point(1) = {1.0, 0.005, 0.0};
Point(2) = {0.87890625, 0.024479804746400637, 0.0};
Point(3) = {0.765625, 0.04429072662529062, 0.0};
Point(4) = {0.66015625, 0.06024493150207185, 0.0};
Point(5) = {0.5625, 0.07270124764063744, 0.0};
Point(6) = {0.47265625, 0.0817783267933609, 0.0};
Point(7) = {0.390625, 0.08750459663051745, 0.0};
Point(8) = {0.31640625, 0.08991595261651705, 0.0};
Point(9) = {0.25, 0.08911125542265837, 0.0};
Point(10) = {0.19140625, 0.0852748246539629, 0.0};
Point(11) = {0.140625, 0.07867424435550145, 0.0};
Point(12) = {0.09765625, 0.06964092045147521, 0.0};
Point(13) = {0.0625, 0.05853995495816622, 0.0};
Point(14) = {0.03515625, 0.045735026499722456, 0.0};
Point(15) = {0.015625, 0.031553091343595255, 0.0};
Point(16) = {0.00390625, 0.016252843860297076, 0.0};
Point(17) = {0.0, 0.0, 0.0};
Point(18) = {0.00390625, -0.016252843860297076, 0.0};
Point(19) = {0.015625, -0.031553091343595255, 0.0};
Point(20) = {0.03515625, -0.045735026499722456, 0.0};
Point(21) = {0.0625, -0.05853995495816622, 0.0};
Point(22) = {0.09765625, -0.06964092045147521, 0.0};
Point(23) = {0.140625, -0.07867424435550145, 0.0};
Point(24) = {0.19140625, -0.0852748246539629, 0.0};
Point(25) = {0.25, -0.08911125542265837, 0.0};
Point(26) = {0.31640625, -0.08991595261651705, 0.0};
Point(27) = {0.390625, -0.08750459663051745, 0.0};
Point(28) = {0.47265625, -0.0817783267933609, 0.0};
Point(29) = {0.5625, -0.07270124764063744, 0.0};
Point(30) = {0.66015625, -0.06024493150207185, 0.0};
Point(31) = {0.765625, -0.04429072662529062, 0.0};
Point(32) = {0.87890625, -0.024479804746400637, 0.0};
Point(33) = {1.0, -0.005, 0.0};
Spline(1) = {1, 2, 3, 4, 5, 6, 7, 8, 9, 10, 11, 12, 13, 14, 15, 16, 17, 18, 19, 20, 21, 22, 23, 24, 25, 26, 27, 28, 29, 30, 31, 32, 33};
Line(2) = {33, 1};
Curve Loop(1) = {1, 2};
Plane Surface(1) = {1};
Extrude {0, 0, 0.5} {
    Surface{1};
}
Transfinite Curve {1, 5} = 32 Using Progression 1;
Transfinite Curve {2} = 2 Using Progression 1;
Transfinite Curve {3, 4} = 16 Using Progression 1;
