SetFactory("OpenCASCADE");
Point(1) = {0.9526016012670283, -0.3042617117934716, 0.0};
Point(2) = {0.8434541919606556, -0.24831528989065876, 0.0};
Point(3) = {0.7418392325089067, -0.1944681521498892, 0.0};
Point(4) = {0.6464626109945673, -0.14670316551403575, 0.0};
Point(5) = {0.5574352114492424, -0.10467906402449202, 0.0};
Point(6) = {0.47479369928082776, -0.06828300315899329, 0.0};
Point(7) = {0.398546859122549, -0.03748794659648127, 0.0};
Point(8) = {0.3287057832829297, -0.012259755721623397, 0.0};
Point(9) = {0.26530102138947653, 0.007495591551224229, 0.0};
Point(10) = {0.20838953133253751, 0.021953393583498244, 0.0};
Point(11) = {0.1580540011294632, 0.031368137924919874, 0.0};
Point(12) = {0.11439684084286826, 0.03605501033923947, 0.0};
Point(13) = {0.07753087320046442, 0.036361243478154545, 0.0};
Point(14) = {0.047568481077604294, 0.032632716266998325, 0.0};
Point(15) = {0.024610699517347748, 0.025180382594473916, 0.0};
Point(16) = {0.008737469476532263, 0.014250275427386074, 0.0};
Point(17) = {0.0, 0.0, 0.0};
Point(18) = {-0.0013073404429763762, -0.01666447069594035, 0.0};
Point(19) = {0.005109816616875798, -0.034837163668691024, 0.0};
Point(20) = {0.019302680224398686, -0.05436047368398681, 0.0};
Point(21) = {0.04135119133642977, -0.07498836777502298, 0.0};
Point(22) = {0.07135638499602891, -0.09640989205309639, 0.0};
Point(23) = {0.10943064407854873, -0.11827916759287382, 0.0};
Point(24) = {0.15568679131170096, -0.1402489617426578, 0.0};
Point(25) = {0.21022723675810026, -0.16200408873869793, 0.0};
Point(26) = {0.27313466843509715, -0.183290061031273, 0.0};
Point(27) = {0.34446604423303967, -0.2039315802589464, 0.0};
Point(28) = {0.42425191377943455, -0.22383462433607418, 0.0};
Point(29) = {0.5125033693828054, -0.2429650546473238, 0.0};
Point(30) = {0.6092291956763776, -0.261295834871637, 0.0};
Point(31) = {0.7144660580680472, -0.278714120486749, 0.0};
Point(32) = {0.828324840589419, -0.29487864553405346, 0.0};
Point(33) = {0.9495114313232788, -0.3137722769564232, 0.0};
Spline(1) = {1, 2, 3, 4, 5, 6, 7, 8, 9, 10, 11, 12, 13, 14, 15, 16, 17, 18, 19, 20, 21, 22, 23, 24, 25, 26, 27, 28, 29, 30, 31, 32, 33};
Line(2) = {33, 1};
Curve Loop(1) = {1, 2};
Plane Surface(1) = {1};
Extrude {0, 0, 0.5} {
    Surface{1};
}
Transfinite Curve {1, 5} = 32 Using Progression 1;
Transfinite Curve {2} = 2 Using Progression 1;
Transfinite Curve {3, 4} = 16 Using Progression 1;
// Physical Surface("Interface", 7) = {2, 3}; // this line is needed when making the surface mesh
