SetFactory("OpenCASCADE");
Point(1) = {0.9856759939005427, -0.1687241389018693, 0.0};
Point(2) = {0.8698045626547407, -0.1285125671460951, 0.0};
Point(3) = {0.7616844398659977, -0.0893315350591131, 0.0};
Point(4) = {0.6605884157684693, -0.05530525416500471, 0.0};
Point(5) = {0.5665788002362759, -0.026080347607488064, 0.0};
Point(6) = {0.47967619692999425, -0.0015399662209172396, 0.0};
Point(7) = {0.3998855422627629, 0.01834388578479486, 0.0};
Point(8) = {0.3272130694165632, 0.03360655854129715, 0.0};
Point(9) = {0.261675945366809, 0.044345410804152545, 0.0};
Point(10) = {0.20330617687702063, 0.05074196194941836, 0.0};
Point(11) = {0.15215022942899736, 0.05305973081926269, 0.0};
Point(12) = {0.10826565105754477, 0.05162508853723306, 0.0};
Point(13) = {0.07171584106245275, 0.0467975903996044, 0.0};
Point(14) = {0.04256395157406101, 0.03893538993504244, 0.0};
Point(15) = {0.02086675795238926, 0.028360476210629208, 0.0};
Point(16) = {0.0066691820034496824, 0.015327613448105978, 0.0};
Point(17) = {0.0, 0.0, 0.0};
Point(18) = {0.0010246285669581932, -0.01668423983612887, 0.0};
Point(19) = {0.00990848432924224, -0.03378698176272078, 0.0};
Point(20) = {0.026680343559609868, -0.051145027427248475, 0.0};
Point(21) = {0.051385128064073256, -0.0685036126079707, 0.0};
Point(22) = {0.08407961320265211, -0.0855407482378054, 0.0};
Point(23) = {0.12482695110568615, -0.10189828078808685, 0.0};
Point(24) = {0.17369054107296525, -0.11721665496254012, 0.0};
Point(25) = {0.23072793113929502, -0.1311694996376177, 0.0};
Point(26) = {0.2959855867864747, -0.14349329597115149, 0.0};
Point(27) = {0.3694955147780246, -0.1540065245870842, 0.0};
Point(28) = {0.4512748820893586, -0.16261182672985283, 0.0};
Point(29) = {0.5413299219024581, -0.16927385226780856, 0.0};
Point(30) = {0.6396655706304616, -0.17396460541086425, 0.0};
Point(31) = {0.7463024319339459, -0.17656723699337395, 0.0};
Point(32) = {0.8613028156870313, -0.17672837015905588, 0.0};
Point(33) = {0.9839395121238733, -0.17857221643199137, 0.0};
Spline(1) = {1, 2, 3, 4, 5, 6, 7, 8, 9, 10, 11, 12, 13, 14, 15, 16, 17, 18, 19, 20, 21, 22, 23, 24, 25, 26, 27, 28, 29, 30, 31, 32, 33};
Line(2) = {33, 1};
Curve Loop(1) = {1, 2};
Plane Surface(1) = {1};
Extrude {0, 0, 0.5} {
    Surface{1};
}
Transfinite Curve {1, 5} = 32 Using Progression 1;
Transfinite Curve {2} = 2 Using Progression 1;
Transfinite Curve {3, 4} = 16 Using Progression 1;
// Physical Surface("Interface", 7) = {2, 3}; // this line is needed when making the surface mesh
